url=QTiles10/ZZZ/XXX/YYY.png
minzoom=0
maxzoom=12
center=-83.495656 35.623239
type=tms
